100
64 48
48 64
87 32
32 87
25 69
69 25
35 65
65 35
42 82
82 42
7 57
57 7
71 76
76 71
21 59
59 21
92 52
52 92
79 69
69 79
43 86
86 43
90 55
55 90
63 30
30 63
1 100
100 1
2 70
70 2
22 65
65 22
70 8
8 70
96 94
94 96
77 82
82 77
10 70
70 10
63 16
16 63
78 85
85 78
92 50
50 92
43 35
35 43
2 73
73 2
3 96
96 3
58 45
45 58
50 20
20 50
74 3
3 74
71 75
75 71
24 44
44 24
91 93
93 91
51 86
86 51
38 79
79 38
19 99
99 19
1 81
81 1
67 78
78 67
17 10
10 17
28 11
11 28
44 81
81 44
83 47
47 83
28 92
92 28
43 29
29 43
11 16
16 11
31 33
33 31
42 7
7 42
76 32
32 76
99 78
78 99
69 89
89 69
9 87
87 9
87 9
9 87
19 5
5 19
38 35
35 38
14 17
17 14
97 58
58 97
49 79
79 49
56 76
76 56
70 98
98 70
5 32
32 5
65 87
87 65
16 6
6 16
93 43
43 93
37 44
44 37
72 57
57 72
84 80
80 84
43 22
22 43
40 13
13 40
27 78
78 27
99 40
40 99
94 95
95 94
97 95
95 97
73 4
4 73
70 94
94 70
1 26
26 1
77 17
17 77
13 92
92 13
22 57
57 22
34 10
10 34
100 5
5 100
66 35
35 66
37 60
60 37
57 76
76 57
72 83
83 72
53 22
22 53
22 99
99 22
16 71
71 16
45 40
40 45
74 66
66 74
33 27
27 33
92 61
61 92
43 56
56 43
52 17
17 52
12 37
37 12
26 64
64 26
94 44
44 94
98 30
30 98
55 6
6 55
57 79
79 57
88 62
62 88
100 62
62 100
