500
424 460
460 424
128 402
402 128
122 34
34 122
137 124
124 137
274 376
376 274
425 279
279 425
360 356
356 360
64 324
324 64
147 338
338 147
99 296
296 99
145 220
220 145
439 209
209 439
341 146
146 341
476 491
491 476
467 461
461 467
407 390
390 407
420 387
387 420
143 394
394 143
420 279
279 420
369 45
45 369
154 294
294 154
323 13
13 323
1 386
386 1
188 147
147 188
76 287
287 76
295 72
72 295
6 233
233 6
280 347
347 280
230 255
255 230
337 48
48 337
67 243
243 67
437 487
487 437
481 79
79 481
380 400
400 380
210 100
100 210
444 363
363 444
393 119
119 393
228 246
246 228
4 415
415 4
244 431
431 244
53 390
390 53
2 59
59 2
474 133
133 474
257 203
203 257
240 445
445 240
250 306
306 250
39 38
38 39
144 20
20 144
469 375
375 469
419 178
178 419
475 215
215 475
40 219
219 40
333 119
119 333
464 188
188 464
34 60
60 34
119 438
438 119
449 472
472 449
496 423
423 496
457 104
104 457
477 196
196 477
48 79
79 48
1 87
87 1
116 145
145 116
106 84
84 106
19 376
376 19
113 345
345 113
90 5
5 90
64 274
274 64
123 27
27 123
462 8
8 462
438 432
432 438
446 387
387 446
403 293
293 403
309 211
211 309
397 137
137 397
406 296
296 406
215 259
259 215
382 331
331 382
403 339
339 403
266 273
273 266
67 379
379 67
118 8
8 118
235 181
181 235
282 357
357 282
59 95
95 59
217 497
497 217
26 162
162 26
235 280
280 235
306 395
395 306
491 54
54 491
31 396
396 31
350 246
246 350
154 83
83 154
428 408
408 428
274 193
193 274
33 340
340 33
423 2
2 423
347 9
9 347
182 128
128 182
366 92
92 366
222 82
82 222
440 99
99 440
95 26
26 95
379 400
400 379
420 221
221 420
306 451
451 306
468 155
155 468
48 474
474 48
89 475
475 89
381 362
362 381
19 265
265 19
201 294
294 201
266 400
400 266
302 299
299 302
27 19
19 27
391 101
101 391
100 182
182 100
51 46
46 51
208 281
281 208
298 127
127 298
1 103
103 1
429 321
321 429
109 476
476 109
294 197
197 294
302 174
174 302
59 321
321 59
439 111
111 439
114 56
56 114
10 267
267 10
355 37
37 355
286 97
97 286
489 237
237 489
278 391
391 278
283 337
337 283
172 432
432 172
464 24
24 464
34 244
244 34
344 494
494 344
72 137
137 72
190 373
373 190
163 100
100 163
193 453
453 193
211 158
158 211
8 220
220 8
277 362
362 277
108 62
62 108
458 96
96 458
298 88
88 298
339 432
432 339
424 10
10 424
363 239
239 363
385 248
248 385
483 229
229 483
93 406
406 93
365 283
283 365
278 379
379 278
382 323
323 382
331 92
92 331
332 339
339 332
312 108
108 312
52 419
419 52
21 362
362 21
367 171
171 367
449 205
205 449
102 372
372 102
66 317
317 66
463 450
450 463
416 445
445 416
30 9
9 30
350 395
395 350
291 479
479 291
273 24
24 273
301 456
456 301
468 485
485 468
146 279
279 146
92 197
197 92
49 113
113 49
58 267
267 58
283 358
358 283
323 236
236 323
82 240
240 82
404 44
44 404
190 320
320 190
340 219
219 340
328 41
41 328
465 470
470 465
19 90
90 19
345 172
172 345
397 312
312 397
156 42
42 156
442 247
247 442
238 343
343 238
211 148
148 211
109 493
493 109
5 432
432 5
81 86
86 81
23 484
484 23
481 212
212 481
303 320
320 303
283 482
482 283
360 99
99 360
303 379
379 303
40 500
500 40
50 436
436 50
311 57
57 311
477 105
105 477
303 67
67 303
447 366
366 447
214 55
55 214
210 70
70 210
338 290
290 338
8 361
361 8
274 488
488 274
424 428
428 424
160 58
58 160
262 19
19 262
9 416
416 9
249 48
48 249
415 150
150 415
336 78
78 336
206 312
312 206
182 361
361 182
230 480
480 230
226 443
443 226
34 435
435 34
365 224
224 365
225 224
224 225
436 350
350 436
211 211
211 211
129 370
370 129
269 390
390 269
241 129
129 241
306 489
489 306
28 72
72 28
139 363
363 139
149 196
196 149
27 182
182 27
56 256
256 56
161 281
281 161
51 47
47 51
216 415
415 216
122 292
292 122
138 57
57 138
141 200
200 141
267 269
269 267
422 387
387 422
11 162
162 11
367 168
168 367
2 395
395 2
239 492
492 239
257 240
240 257
188 283
283 188
273 243
243 273
39 434
434 39
24 441
441 24
332 91
91 332
355 453
453 355
382 344
344 382
361 374
374 361
43 479
479 43
494 464
464 494
366 4
4 366
477 232
232 477
171 479
479 171
478 262
262 478
470 235
235 470
353 157
157 353
369 125
125 369
252 259
259 252
410 127
127 410
199 241
241 199
217 53
53 217
45 450
450 45
248 405
405 248
175 291
291 175
384 168
168 384
106 101
101 106
24 83
83 24
184 46
46 184
413 162
162 413
307 382
382 307
248 11
11 248
391 116
116 391
136 142
142 136
375 45
45 375
268 73
73 268
138 484
484 138
478 182
182 478
285 225
225 285
439 459
459 439
367 174
174 367
126 473
473 126
126 1
1 126
407 309
309 407
47 319
319 47
322 205
205 322
200 69
69 200
216 90
90 216
37 351
351 37
83 411
411 83
247 350
350 247
335 384
384 335
185 312
312 185
418 321
321 418
389 208
208 389
279 255
255 279
381 257
257 381
227 358
358 227
257 133
133 257
18 303
303 18
451 340
340 451
8 3
3 8
260 223
223 260
444 296
296 444
425 379
379 425
206 171
171 206
228 393
393 228
407 265
265 407
204 176
176 204
85 92
92 85
383 216
216 383
347 115
115 347
472 425
425 472
472 80
80 472
410 489
489 410
383 212
212 383
180 242
242 180
214 440
440 214
316 10
10 316
87 240
240 87
388 145
145 388
262 467
467 262
37 20
20 37
231 240
240 231
195 168
168 195
184 429
429 184
383 382
382 383
395 206
206 395
306 218
218 306
285 215
215 285
59 19
19 59
279 238
238 279
112 492
492 112
29 427
427 29
353 116
116 353
18 92
92 18
260 280
280 260
59 296
296 59
299 141
141 299
387 346
346 387
308 70
70 308
274 42
42 274
451 21
21 451
99 109
109 99
238 236
236 238
175 296
296 175
254 453
453 254
34 366
366 34
297 414
414 297
144 149
149 144
29 162
162 29
241 140
140 241
293 151
151 293
287 91
91 287
291 174
174 291
288 451
451 288
95 414
414 95
344 46
46 344
434 295
295 434
6 171
171 6
30 180
180 30
467 135
135 467
485 352
352 485
352 281
281 352
265 496
496 265
281 146
146 281
157 373
373 157
137 449
449 137
375 424
424 375
391 166
166 391
449 31
31 449
468 43
43 468
444 311
311 444
440 377
377 440
105 445
445 105
47 486
486 47
477 365
365 477
121 313
313 121
68 324
324 68
445 185
185 445
319 225
225 319
182 327
327 182
450 318
318 450
127 324
324 127
93 370
370 93
341 41
41 341
400 308
308 400
84 343
343 84
471 23
23 471
219 427
427 219
320 117
117 320
265 148
148 265
334 385
385 334
460 401
401 460
60 404
404 60
437 379
379 437
480 118
118 480
57 281
281 57
288 184
184 288
457 380
380 457
53 297
297 53
421 452
452 421
457 356
356 457
146 427
427 146
378 364
364 378
205 49
49 205
332 469
469 332
196 17
17 196
205 155
155 205
270 265
265 270
410 206
206 410
143 390
390 143
324 199
199 324
170 111
111 170
234 126
126 234
342 286
286 342
275 262
262 275
89 231
231 89
117 234
234 117
9 347
347 9
449 213
213 449
395 133
133 395
182 443
443 182
149 386
386 149
97 418
418 97
150 7
7 150
124 144
144 124
248 299
299 248
195 269
269 195
261 428
428 261
247 102
102 247
66 21
21 66
216 6
6 216
251 184
184 251
240 259
259 240
30 40
40 30
323 277
277 323
172 4
4 172
219 321
321 219
242 167
167 242
90 243
243 90
25 65
65 25
387 272
272 387
363 433
433 363
393 475
475 393
212 139
139 212
429 129
129 429
159 496
496 159
135 261
261 135
179 226
226 179
371 61
61 371
265 193
193 265
189 437
437 189
49 259
259 49
109 290
290 109
425 198
198 425
384 302
302 384
263 122
122 263
425 477
477 425
54 317
317 54
304 118
118 304
455 232
232 455
246 465
465 246
227 380
380 227
225 257
257 225
105 95
95 105
317 222
222 317
140 5
5 140
10 188
188 10
115 118
118 115
329 40
40 329
167 212
212 167
341 281
281 341
186 265
265 186
110 239
239 110
82 413
413 82
356 388
388 356
144 454
454 144
353 222
222 353
333 429
429 333
478 290
290 478
376 147
147 376
11 15
15 11
3 20
20 3
54 118
118 54
489 382
382 489
9 155
155 9
445 349
349 445
288 482
482 288
465 397
397 465
