1000
623 216
216 623
569 908
908 569
238 500
500 238
597 693
693 597
5 477
477 5
990 890
890 990
344 729
729 344
309 267
267 309
556 588
588 556
902 418
418 902
486 402
402 486
714 450
450 714
81 542
542 81
972 960
960 972
982 87
87 982
677 956
956 677
302 245
245 302
215 891
891 215
96 811
811 96
935 100
100 935
640 925
925 640
989 983
983 989
5 297
297 5
602 560
560 602
237 503
503 237
329 74
74 329
904 395
395 904
523 336
336 523
288 846
846 288
295 269
269 295
932 971
971 932
576 585
585 576
567 790
790 567
827 662
662 827
952 762
762 952
761 591
591 761
38 101
101 38
926 42
42 926
750 527
527 750
953 338
338 953
381 633
633 381
411 284
284 411
27 286
286 27
972 314
314 972
483 266
266 483
934 415
415 934
237 509
509 237
351 155
155 351
650 178
178 650
817 954
954 817
291 929
929 291
896 328
328 896
382 821
821 382
721 131
131 721
699 25
25 699
468 79
79 468
657 230
230 657
715 684
684 715
867 686
686 867
997 350
350 997
951 283
283 951
764 539
539 764
143 466
466 143
46 793
793 46
995 214
214 995
746 285
285 746
142 641
641 142
964 875
875 964
814 36
36 814
5 864
864 5
60 824
824 60
943 717
717 943
54 9
9 54
752 920
920 752
46 100
100 46
269 348
348 269
382 384
384 382
887 525
525 887
202 284
284 202
669 196
196 669
497 766
766 497
833 990
990 833
758 148
148 758
865 571
571 865
184 869
869 184
787 243
243 787
693 81
81 693
311 98
98 311
89 62
62 89
17 134
134 17
162 638
638 162
481 543
543 481
373 719
719 373
419 574
574 419
354 87
87 354
770 850
850 770
204 954
954 204
840 962
962 840
101 704
704 101
884 284
284 884
924 670
670 924
879 968
968 879
750 189
189 750
65 190
190 65
603 434
434 603
323 764
764 323
71 156
156 71
658 795
795 658
226 429
429 226
369 580
580 369
867 490
490 867
781 71
71 781
443 620
620 443
32 543
543 32
675 915
915 675
179 951
951 179
937 57
57 937
918 686
686 918
597 335
335 597
876 551
551 876
768 550
550 768
666 190
190 666
57 676
676 57
984 283
283 984
104 352
352 104
214 970
970 214
841 994
994 841
392 635
635 392
966 423
423 966
178 640
640 178
690 708
708 690
942 978
978 942
116 860
860 116
663 712
712 663
194 890
890 194
615 313
313 615
792 280
280 792
502 848
848 502
955 837
837 955
482 410
410 482
541 47
47 541
732 733
733 732
41 123
123 41
368 358
358 368
898 897
897 898
349 587
587 349
604 291
291 604
564 719
719 564
150 578
578 150
782 695
695 782
820 396
396 820
7 611
611 7
28 860
860 28
458 982
982 458
48 292
292 48
744 588
588 744
338 475
475 338
321 730
730 321
597 40
40 597
87 494
494 87
936 436
436 936
432 891
891 432
726 347
347 726
609 227
227 609
925 742
742 925
273 744
744 273
138 279
279 138
706 165
165 706
490 163
163 490
498 537
537 498
806 241
241 806
125 144
144 125
715 797
797 715
873 312
312 873
188 312
312 188
157 123
123 157
747 589
589 747
365 824
824 365
935 973
973 935
402 211
211 402
714 674
674 714
306 203
203 306
304 11
11 304
719 793
793 719
526 217
217 526
329 331
331 329
457 805
805 457
474 524
524 474
953 699
699 953
187 140
140 187
10 343
343 10
614 108
108 614
283 978
978 283
283 218
218 283
302 684
684 302
780 368
368 780
709 86
86 709
570 12
12 570
96 289
289 96
804 973
973 804
857 484
484 857
304 313
313 304
641 129
129 641
188 593
593 188
179 374
374 179
733 540
540 733
717 346
346 717
647 999
999 647
324 929
929 324
568 977
977 568
964 700
700 964
344 672
672 344
785 914
914 785
35 232
232 35
554 190
190 554
205 410
410 205
26 860
860 26
74 666
666 74
340 614
614 340
258 519
519 258
987 990
990 987
58 55
55 58
688 57
57 688
54 11
11 54
337 973
973 337
987 653
653 987
672 683
683 672
324 808
808 324
596 711
711 596
392 501
501 392
900 596
596 900
262 925
925 262
807 687
687 807
590 498
498 590
300 848
848 300
16 639
639 16
189 426
426 189
693 876
876 693
834 98
98 834
238 170
170 238
71 577
577 71
822 94
94 822
259 498
498 259
254 206
206 254
208 645
645 208
706 459
459 706
592 319
319 592
384 398
398 384
357 325
325 357
895 657
657 895
524 263
263 524
295 65
65 295
40 339
339 40
940 873
873 940
437 530
530 437
394 859
859 394
106 216
216 106
952 364
364 952
65 205
205 65
569 624
624 569
849 626
626 849
82 792
792 82
296 817
817 296
189 652
652 189
142 436
436 142
660 17
17 660
50 306
306 50
81 89
89 81
645 373
373 645
961 81
81 961
902 354
354 902
939 7
7 939
921 890
890 921
722 985
985 722
447 290
290 447
608 647
647 608
267 42
42 267
439 562
562 439
858 979
979 858
213 351
351 213
766 225
225 766
368 815
815 368
530 448
448 530
903 174
174 903
820 215
215 820
254 73
73 254
921 192
192 921
79 841
841 79
434 800
800 434
178 232
232 178
441 137
137 441
230 707
707 230
530 668
668 530
620 388
388 620
999 185
185 999
738 764
764 738
409 105
105 409
579 938
938 579
905 481
481 905
112 76
76 112
48 717
717 48
149 968
968 149
261 579
579 261
160 694
694 160
731 689
689 731
277 523
523 277
178 506
506 178
582 707
707 582
526 201
201 526
94 524
524 94
737 184
184 737
287 145
145 287
640 865
865 640
435 896
896 435
698 898
898 698
324 745
745 324
614 472
472 614
64 226
226 64
402 223
223 402
919 132
132 919
912 547
547 912
7 441
441 7
53 588
588 53
147 578
578 147
788 593
593 788
453 525
525 453
776 739
739 776
21 767
767 21
956 455
455 956
663 653
653 663
704 986
986 704
749 670
670 749
809 812
812 809
895 562
562 895
34 166
166 34
46 297
297 46
712 52
52 712
737 116
116 737
639 236
236 639
693 778
778 693
828 145
145 828
302 955
955 302
236 675
675 236
73 191
191 73
129 87
87 129
195 185
185 195
424 943
943 424
854 232
232 854
106 748
748 106
146 491
491 146
913 191
191 913
788 625
625 788
594 876
876 594
740 232
232 740
463 785
785 463
9 290
290 9
281 663
663 281
596 516
516 596
337 669
669 337
58 817
817 58
755 252
252 755
1 531
531 1
546 854
854 546
114 651
651 114
602 259
259 602
142 866
866 142
801 281
281 801
490 394
394 490
508 582
582 508
625 971
971 625
366 986
986 366
612 998
998 612
1000 208
208 1000
514 336
336 514
228 571
571 228
504 334
334 504
175 505
505 175
864 720
720 864
710 978
978 710
371 311
311 371
236 864
864 236
529 389
389 529
144 18
18 144
782 651
651 782
951 759
759 951
621 316
316 621
96 233
233 96
666 95
95 666
792 179
179 792
782 19
19 782
101 285
285 101
704 627
627 704
789 568
568 789
347 499
499 347
897 69
69 897
161 484
484 161
932 689
689 932
872 75
75 872
59 654
654 59
77 9
9 77
412 698
698 412
677 859
859 677
282 342
342 282
953 73
73 953
872 734
734 872
443 324
324 443
18 146
146 18
951 159
159 951
65 649
649 65
9 961
961 9
69 169
169 69
797 1000
1000 797
210 668
668 210
426 620
620 426
321 502
502 321
628 84
84 628
551 656
656 551
942 832
832 942
349 246
246 349
256 572
572 256
979 50
50 979
896 997
997 896
196 198
198 196
507 612
612 507
846 515
515 846
925 914
914 925
683 721
721 683
265 244
244 265
388 690
690 388
863 61
61 863
543 843
843 543
496 94
94 496
850 438
438 850
277 199
199 277
35 885
885 35
770 14
14 770
934 17
17 934
362 481
481 362
214 868
868 214
93 411
411 93
382 17
17 382
324 416
416 324
89 940
940 89
12 476
476 12
981 226
226 981
536 524
524 536
68 32
32 68
969 918
918 969
821 597
597 821
468 855
855 468
833 237
237 833
220 767
767 220
254 581
581 254
247 819
819 247
800 691
691 800
230 533
533 230
59 905
905 59
301 147
147 301
845 312
312 845
975 825
825 975
537 510
510 537
700 957
957 700
893 20
20 893
874 65
65 874
617 693
693 617
272 449
449 272
929 491
491 929
567 534
534 567
424 166
166 424
353 223
223 353
856 582
582 856
108 267
267 108
838 408
408 838
413 682
682 413
719 387
387 719
859 255
255 859
249 558
558 249
563 493
493 563
930 436
436 930
558 898
898 558
128 829
829 128
346 409
409 346
319 265
265 319
294 94
94 294
430 646
646 430
317 637
637 317
579 424
424 579
903 417
417 903
831 668
668 831
450 901
901 450
406 308
308 406
507 654
654 507
218 70
70 218
499 147
147 499
857 56
56 857
44 337
337 44
236 741
741 236
745 906
906 745
357 38
38 357
1000 138
138 1000
36 316
316 36
775 966
966 775
91 29
29 91
734 273
273 734
696 184
184 696
525 454
454 525
843 31
31 843
459 412
412 459
100 957
957 100
910 309
309 910
364 305
305 364
645 599
599 645
398 389
389 398
505 754
754 505
778 504
504 778
892 165
165 892
171 18
18 171
483 613
613 483
46 216
216 46
237 94
94 237
751 761
761 751
547 946
946 547
791 357
357 791
357 243
243 357
314 267
267 314
551 677
677 551
923 547
547 923
276 320
320 276
287 132
132 287
74 416
416 74
635 317
317 635
581 157
157 581
334 415
415 334
769 379
379 769
982 5
5 982
824 85
85 824
765 370
370 765
30 907
907 30
79 738
738 79
501 392
392 501
356 403
403 356
420 279
279 420
949 47
47 949
598 235
235 598
178 23
23 178
651 164
164 651
339 583
583 339
320 672
672 320
349 440
440 349
403 330
330 403
796 226
226 796
414 912
912 414
948 795
795 948
819 26
26 819
533 671
671 533
417 888
888 417
74 188
188 74
166 374
374 166
235 116
116 235
961 764
764 961
138 963
963 138
928 477
477 928
897 599
599 897
148 245
245 148
391 902
902 391
574 186
186 574
128 340
340 128
98 75
75 98
134 268
268 134
452 18
18 452
938 868
868 938
906 363
363 906
407 423
423 407
89 641
641 89
538 49
49 538
757 676
676 757
363 684
684 363
504 259
259 504
634 3
3 634
855 24
24 855
905 780
780 905
210 32
32 210
119 307
307 119
458 605
605 458
926 909
909 926
622 863
863 622
128 879
879 128
578 534
534 578
654 666
666 654
527 191
191 527
66 283
283 66
218 780
780 218
318 721
721 318
390 951
951 390
76 244
244 76
975 980
980 975
23 536
536 23
363 494
494 363
194 820
820 194
450 119
119 450
80 71
71 80
333 207
207 333
302 262
262 302
92 955
955 92
279 618
618 279
497 696
696 497
252 67
67 252
475 569
569 475
139 864
864 139
520 214
214 520
107 846
846 107
193 482
482 193
733 555
555 733
327 926
926 327
726 776
776 726
396 805
805 396
846 80
80 846
363 499
499 363
342 455
455 342
805 620
620 805
72 302
302 72
668 676
676 668
368 142
142 368
244 858
858 244
358 115
115 358
72 816
816 72
312 264
264 312
649 44
44 649
171 975
975 171
321 896
896 321
750 716
716 750
53 948
948 53
148 415
415 148
446 489
489 446
869 251
251 869
460 293
293 460
904 127
127 904
968 623
623 968
621 563
563 621
480 330
330 480
678 551
551 678
145 341
341 145
167 794
794 167
385 689
689 385
768 57
57 768
584 518
518 584
125 988
988 125
465 272
272 465
403 262
262 403
112 623
623 112
512 571
571 512
915 415
415 915
50 234
234 50
37 22
22 37
797 869
869 797
351 826
826 351
419 495
495 419
166 585
585 166
640 902
902 640
273 408
408 273
959 209
209 959
277 435
435 277
548 741
741 548
706 950
950 706
354 817
817 354
573 866
866 573
739 839
839 739
632 140
140 632
73 21
21 73
161 869
869 161
889 511
511 889
46 659
659 46
358 211
211 358
596 997
997 596
113 220
220 113
404 423
423 404
780 680
680 780
857 328
328 857
772 914
914 772
277 478
478 277
82 201
201 82
695 820
820 695
40 326
326 40
960 112
112 960
698 120
120 698
332 938
938 332
983 377
377 983
949 340
340 949
587 544
544 587
336 51
51 336
763 92
92 763
825 543
543 825
123 33
33 123
222 895
895 222
946 498
498 946
372 27
27 372
51 418
418 51
199 90
90 199
743 158
158 743
553 793
793 553
629 884
884 629
82 611
611 82
612 30
30 612
302 198
198 302
573 638
638 573
601 688
688 601
729 777
777 729
582 851
851 582
810 803
803 810
97 107
107 97
652 820
820 652
134 702
702 134
237 684
684 237
143 332
332 143
193 695
695 193
476 821
821 476
930 557
557 930
784 541
541 784
939 85
85 939
91 863
863 91
722 43
43 722
550 802
802 550
819 483
483 819
653 628
628 653
637 101
101 637
87 289
289 87
921 572
572 921
342 509
509 342
255 837
837 255
192 447
447 192
883 667
667 883
267 813
813 267
224 402
402 224
705 514
514 705
487 147
147 487
376 560
560 376
189 278
278 189
362 8
8 362
760 366
366 760
987 749
749 987
818 73
73 818
389 90
90 389
644 730
730 644
599 898
898 599
918 790
790 918
696 801
801 696
457 315
315 457
965 32
32 965
716 21
21 716
897 554
554 897
168 272
272 168
114 356
356 114
901 827
827 901
715 13
13 715
192 702
702 192
761 361
361 761
126 149
149 126
451 770
770 451
230 49
49 230
19 148
148 19
190 67
67 190
300 998
998 300
381 616
616 381
381 96
96 381
636 277
277 636
650 803
803 650
549 115
115 549
511 449
449 511
941 225
225 941
813 484
484 813
278 573
573 278
844 404
404 844
721 294
294 721
525 951
951 525
694 543
543 694
450 884
884 450
609 749
749 609
233 341
341 233
716 614
614 716
437 351
351 437
890 438
438 890
506 790
790 506
904 16
16 904
591 196
196 591
592 403
403 592
679 870
870 679
976 874
874 976
625 48
48 625
520 149
149 520
998 565
565 998
691 799
799 691
448 652
652 448
899 33
33 899
992 614
614 992
646 780
780 646
317 535
535 317
569 822
822 569
325 824
824 325
189 267
267 189
19 780
780 19
669 49
49 669
1 996
996 1
275 625
625 275
44 794
794 44
773 393
393 773
358 816
816 358
192 158
158 192
819 90
90 819
190 162
162 190
56 187
187 56
294 372
372 294
721 214
214 721
193 397
397 193
38 733
733 38
15 408
408 15
864 684
684 864
809 217
217 809
679 83
83 679
841 722
722 841
228 966
966 228
467 937
937 467
133 658
658 133
446 951
951 446
99 987
987 99
464 154
154 464
173 757
757 173
877 246
246 877
323 421
421 323
994 360
360 994
153 9
9 153
119 369
369 119
44 927
927 44
585 722
722 585
361 425
425 361
796 588
588 796
742 262
262 742
877 874
874 877
271 322
322 271
176 369
369 176
661 640
640 661
875 833
833 875
748 751
751 748
430 70
70 430
172 424
424 172
781 676
676 781
432 900
900 432
44 475
475 44
178 628
628 178
548 539
539 548
405 695
695 405
478 146
146 478
956 354
354 956
372 578
578 372
28 547
547 28
299 688
688 299
186 173
173 186
872 934
934 872
275 302
302 275
355 798
798 355
725 136
136 725
474 508
508 474
35 869
869 35
334 564
564 334
497 233
233 497
102 253
253 102
928 932
932 928
398 235
235 398
637 121
121 637
813 664
664 813
668 111
111 668
703 205
205 703
635 575
575 635
490 909
909 490
228 845
845 228
59 952
952 59
980 532
532 980
811 366
366 811
400 496
496 400
929 248
248 929
728 383
383 728
852 7
7 852
666 250
250 666
594 302
302 594
370 758
758 370
318 389
389 318
220 20
20 220
594 854
854 594
946 435
435 946
114 173
173 114
279 172
172 279
476 610
610 476
55 638
638 55
975 807
807 975
133 256
256 133
406 213
213 406
638 258
258 638
571 303
303 571
859 164
164 859
956 580
580 956
273 273
273 273
969 492
492 969
645 914
914 645
345 590
590 345
348 811
811 348
115 627
627 115
334 942
942 334
236 389
389 236
580 563
563 580
195 64
64 195
818 600
600 818
628 807
807 628
209 199
199 209
461 67
67 461
714 416
416 714
647 987
987 647
41 615
615 41
478 685
685 478
880 175
175 880
626 227
227 626
985 740
740 985
205 318
318 205
34 793
793 34
58 613
613 58
355 604
604 355
676 524
524 676
556 304
304 556
330 764
764 330
854 142
142 854
831 567
567 831
909 477
477 909
553 949
949 553
443 31
31 443
633 322
322 633
557 611
611 557
900 893
893 900
350 105
105 350
562 735
735 562
897 620
620 897
347 603
603 347
223 375
375 223
126 778
778 126
30 807
807 30
542 883
883 542
948 724
724 948
449 856
856 449
200 354
354 200
157 994
994 157
736 789
789 736
315 292
292 315
399 214
214 399
184 101
101 184
670 745
745 670
835 566
566 835
716 534
534 716
168 291
291 168
908 645
645 908
68 289
289 68
803 961
961 803
171 102
102 171
684 971
971 684
310 235
235 310
676 466
466 676
228 411
411 228
606 894
894 606
54 5
5 54
460 589
589 460
457 129
129 457
686 643
643 686
47 401
401 47
528 566
566 528
691 787
787 691
211 111
111 211
75 13
13 75
423 597
597 423
467 107
107 467
568 776
776 568
693 243
243 693
241 921
921 241
6 846
846 6
166 59
59 166
202 625
625 202
1000 10
10 1000
754 685
685 754
5 800
800 5
437 532
532 437
717 128
128 717
319 279
279 319
590 393
393 590
292 12
12 292
990 110
110 990
470 909
909 470
885 515
515 885
503 125
125 503
787 860
860 787
322 952
952 322
919 524
524 919
577 918
918 577
885 682
682 885
954 889
889 954
833 390
390 833
