100
14 20
14 15
14 16
14 17
14 18
14 19
14 20
15 16
15 17
15 18
15 19
15 20
16 17
16 18
16 19
16 20
17 18
17 19
17 20
18 19
18 20
19 20
39 50
39 40
39 41
39 42
39 43
39 44
39 45
39 46
39 47
39 48
39 49
39 50
40 41
40 42
40 43
40 44
40 45
40 46
40 47
40 48
40 49
40 50
41 42
41 43
41 44
41 45
41 46
41 47
41 48
41 49
41 50
42 43
42 44
42 45
42 46
42 47
42 48
42 49
42 50
43 44
43 45
43 46
43 47
43 48
43 49
43 50
44 45
44 46
44 47
44 48
44 49
44 50
45 46
45 47
45 48
45 49
45 50
46 47
46 48
46 49
46 50
47 48
47 49
47 50
48 49
48 50
49 50
56 65
56 57
56 58
56 59
56 60
56 61
56 62
56 63
56 64
56 65
57 58
57 59
57 60
57 61
57 62
57 63
57 64
57 65
58 59
58 60
58 61
58 62
58 63
58 64
58 65
59 60
59 61
59 62
59 63
59 64
59 65
60 61
60 62
60 63
60 64
60 65
61 62
61 63
61 64
61 65
62 63
62 64
62 65
63 64
63 65
64 65
83 89
83 84
83 85
83 86
83 87
83 88
83 89
84 85
84 86
84 87
84 88
84 89
85 86
85 87
85 88
85 89
86 87
86 88
86 89
87 88
87 89
88 89
