500
2 3
2 3
6 7
6 7
9 12
9 10
9 11
9 12
10 11
10 12
11 12
14 16
14 15
14 16
15 16
17 17
21 22
21 22
25 26
25 26
32 32
34 35
34 35
37 38
37 38
44 44
46 46
49 51
49 50
49 51
50 51
53 54
53 54
58 60
58 59
58 60
59 60
64 64
66 67
66 67
69 71
69 70
69 71
70 71
73 74
73 74
78 79
78 79
82 83
82 83
86 87
86 87
91 92
91 92
94 94
99 100
99 100
102 103
102 103
106 107
106 107
110 112
110 111
110 112
111 112
113 116
113 114
113 115
113 116
114 115
114 116
115 116
119 119
122 124
122 123
122 124
123 124
126 126
130 131
130 131
136 136
138 139
138 139
141 144
141 142
141 143
141 144
142 143
142 144
143 144
147 148
147 148
149 151
149 150
149 151
150 151
153 154
153 154
160 160
161 164
161 162
161 163
161 164
162 163
162 164
163 164
165 166
165 166
169 171
169 170
169 171
170 171
174 176
174 175
174 176
175 176
177 180
177 178
177 179
177 180
178 179
178 180
179 180
182 184
182 183
182 184
183 184
185 187
185 186
185 187
186 187
189 192
189 190
189 191
189 192
190 191
190 192
191 192
196 196
198 199
198 199
202 203
202 203
205 205
209 209
214 216
214 215
214 216
215 216
219 219
221 222
221 222
227 228
227 228
230 231
230 231
235 236
235 236
237 239
237 238
237 239
238 239
242 244
242 243
242 244
243 244
246 248
246 247
246 248
247 248
250 252
250 251
250 252
251 252
255 255
257 258
257 258
263 264
263 264
267 268
267 268
271 272
271 272
273 274
273 274
277 279
277 278
277 279
278 279
281 281
288 288
290 291
290 291
293 294
293 294
298 298
301 304
301 302
301 303
301 304
302 303
302 304
303 304
306 307
306 307
311 312
311 312
315 315
317 320
317 318
317 319
317 320
318 319
318 320
319 320
321 323
321 322
321 323
322 323
326 326
329 332
329 330
329 331
329 332
330 331
330 332
331 332
333 336
333 334
333 335
333 336
334 335
334 336
335 336
337 338
337 338
342 342
345 346
345 346
349 352
349 350
349 351
349 352
350 351
350 352
351 352
354 355
354 355
357 360
357 358
357 359
357 360
358 359
358 360
359 360
363 364
363 364
365 368
365 366
365 367
365 368
366 367
366 368
367 368
369 372
369 370
369 371
369 372
370 371
370 372
371 372
375 376
375 376
378 380
378 379
378 380
379 380
383 384
383 384
385 388
385 386
385 387
385 388
386 387
386 388
387 388
389 391
389 390
389 391
390 391
393 393
398 399
398 399
401 404
401 402
401 403
401 404
402 403
402 404
403 404
406 408
406 407
406 408
407 408
409 412
409 410
409 411
409 412
410 411
410 412
411 412
413 416
413 414
413 415
413 416
414 415
414 416
415 416
417 417
423 423
427 428
427 428
429 432
429 430
429 431
429 432
430 431
430 432
431 432
434 434
439 440
439 440
441 442
441 442
446 448
446 447
446 448
447 448
450 451
450 451
454 455
454 455
457 459
457 458
457 459
458 459
