1000
2 2
5 8
5 6
5 7
5 8
6 7
6 8
7 8
12 12
13 16
13 14
13 15
13 16
14 15
14 16
15 16
17 17
22 23
22 23
25 28
25 26
25 27
25 28
26 27
26 28
27 28
29 30
29 30
34 35
34 35
38 40
38 39
38 40
39 40
41 42
41 42
45 47
45 46
45 47
46 47
51 51
53 55
53 54
53 55
54 55
60 60
61 62
61 62
65 66
65 66
69 69
73 73
78 80
78 79
78 80
79 80
81 81
85 88
85 86
85 87
85 88
86 87
86 88
87 88
92 92
94 94
97 99
97 98
97 99
98 99
101 102
101 102
106 108
106 107
106 108
107 108
111 111
116 116
117 119
117 118
117 119
118 119
122 123
122 123
128 128
131 132
131 132
135 136
135 136
139 140
139 140
144 144
147 147
150 152
150 151
150 152
151 152
153 154
153 154
158 159
158 159
163 164
163 164
166 166
169 169
176 176
180 180
182 183
182 183
185 186
185 186
189 191
189 190
189 191
190 191
193 196
193 194
193 195
193 196
194 195
194 196
195 196
198 200
198 199
198 200
199 200
201 202
201 202
207 208
207 208
210 212
210 211
210 212
211 212
213 213
218 220
218 219
218 220
219 220
223 224
223 224
227 228
227 228
229 232
229 230
229 231
229 232
230 231
230 232
231 232
233 236
233 234
233 235
233 236
234 235
234 236
235 236
239 239
241 244
241 242
241 243
241 244
242 243
242 244
243 244
245 245
249 250
249 250
254 255
254 255
257 260
257 258
257 259
257 260
258 259
258 260
259 260
261 262
261 262
265 267
265 266
265 267
266 267
270 272
270 271
270 272
271 272
274 276
274 275
274 276
275 276
277 280
277 278
277 279
277 280
278 279
278 280
279 280
281 282
281 282
288 288
289 290
289 290
293 295
293 294
293 295
294 295
297 297
304 304
306 308
306 307
306 308
307 308
311 312
311 312
315 316
315 316
317 320
317 318
317 319
317 320
318 319
318 320
319 320
321 322
321 322
326 326
331 332
331 332
333 335
333 334
333 335
334 335
337 340
337 338
337 339
337 340
338 339
338 340
339 340
341 344
341 342
341 343
341 344
342 343
342 344
343 344
346 347
346 347
351 352
351 352
354 355
354 355
359 360
359 360
362 363
362 363
367 367
370 370
373 374
373 374
378 380
378 379
378 380
379 380
381 382
381 382
386 386
389 391
389 390
389 391
390 391
396 396
399 400
399 400
403 404
403 404
405 407
405 406
405 407
406 407
409 410
409 410
416 416
419 419
421 422
421 422
425 428
425 426
425 427
425 428
426 427
426 428
427 428
430 431
430 431
434 436
434 435
434 436
435 436
437 438
437 438
441 442
441 442
446 447
446 447
449 451
449 450
449 451
450 451
454 455
454 455
458 460
458 459
458 460
459 460
461 463
461 462
461 463
462 463
467 468
467 468
469 471
469 470
469 471
470 471
473 474
473 474
479 480
479 480
481 484
481 482
481 483
481 484
482 483
482 484
483 484
487 488
487 488
489 490
489 490
493 494
493 494
497 499
497 498
497 499
498 499
502 502
508 508
511 512
511 512
514 516
514 515
514 516
515 516
519 520
519 520
524 524
525 527
525 526
525 527
526 527
531 531
535 535
537 538
537 538
541 544
541 542
541 543
541 544
542 543
542 544
543 544
547 548
547 548
551 552
551 552
553 556
553 554
553 555
553 556
554 555
554 556
555 556
557 560
557 558
557 559
557 560
558 559
558 560
559 560
561 562
561 562
566 566
569 572
569 570
569 571
569 572
570 571
570 572
571 572
575 576
575 576
579 579
581 582
581 582
585 587
585 586
585 587
586 587
589 592
589 590
589 591
589 592
590 591
590 592
591 592
595 596
595 596
599 600
599 600
603 604
603 604
606 607
606 607
610 610
614 616
614 615
614 616
615 616
618 619
618 619
623 623
628 628
631 632
631 632
633 635
633 634
633 635
634 635
638 639
638 639
642 642
648 648
651 651
654 656
654 655
654 656
655 656
657 658
657 658
661 661
667 668
667 668
670 670
673 674
673 674
678 679
678 679
681 684
681 682
681 683
681 684
682 683
682 684
683 684
687 688
687 688
689 692
689 690
689 691
689 692
690 691
690 692
691 692
693 694
693 694
698 699
698 699
703 703
706 708
706 707
706 708
707 708
710 710
713 716
713 714
713 715
713 716
714 715
714 716
715 716
717 719
717 718
717 719
718 719
722 723
722 723
725 726
725 726
730 730
734 735
734 735
737 739
737 738
737 739
738 739
743 743
746 746
749 750
749 750
753 754
753 754
758 759
758 759
764 764
765 768
765 766
765 767
765 768
766 767
766 768
767 768
769 771
769 770
769 771
770 771
773 776
773 774
773 775
773 776
774 775
774 776
775 776
779 780
779 780
781 784
781 782
781 783
781 784
782 783
782 784
783 784
786 788
786 787
786 788
787 788
790 791
790 791
794 796
794 795
794 796
795 796
800 800
802 804
802 803
802 804
803 804
805 806
805 806
811 812
811 812
814 816
814 815
814 816
815 816
